40.00 242.00
50.00 278.00
63.00 303.00
77.00 335.00
95.00 369.00
116.00 400.00
149.00 421.00
198.00 436.00
258.00 445.00
309.00 436.00
366.00 417.00
391.00 395.00
408.00 368.00
421.00 332.00
438.00 298.00
448.00 273.00
462.00 235.00
109.00 201.00
126.00 192.00
148.00 191.00
169.00 188.00
187.00 191.00
309.00 179.00
335.00 179.00
358.00 180.00
376.00 187.00
394.00 194.00
252.00 224.00
253.00 249.00
254.00 273.00
255.00 292.00
242.00 301.00
239.00 317.00
255.00 330.00
275.00 318.00
271.00 302.00
132.00 272.00
155.00 237.00
179.00 270.00
174.00 300.00
156.00 325.00
137.00 306.00
333.00 260.00
360.00 243.00
377.00 274.00
374.00 307.00
353.00 321.00
333.00 294.00
208.00 377.00
235.00 372.00
258.00 370.00
278.00 371.00
300.00 376.00
281.00 389.00
258.00 395.00
230.00 391.00
-5000.00 -5000.00
-5000.00 127.00
-5000.00 255.00
-5000.00 381.00
-5000.00 5511.00
255.00 5511.00
5511.00 5511.00
5511.00 255.00
5511.00 -5000.00
127.00 -5000.00
255.00 -5000.00
381.00 -5000.00
