4.000000000000000000e+01 2.420000000000000000e+02 1.000000000000000000e+00
5.000000000000000000e+01 2.780000000000000000e+02 1.000000000000000000e+00
6.300000000000000000e+01 3.030000000000000000e+02 1.000000000000000000e+00
7.700000000000000000e+01 3.350000000000000000e+02 1.000000000000000000e+00
9.500000000000000000e+01 3.690000000000000000e+02 1.000000000000000000e+00
1.160000000000000000e+02 4.000000000000000000e+02 1.000000000000000000e+00
1.490000000000000000e+02 4.210000000000000000e+02 1.000000000000000000e+00
1.980000000000000000e+02 4.360000000000000000e+02 1.000000000000000000e+00
2.580000000000000000e+02 4.450000000000000000e+02 1.000000000000000000e+00
3.090000000000000000e+02 4.360000000000000000e+02 1.000000000000000000e+00
3.660000000000000000e+02 4.170000000000000000e+02 1.000000000000000000e+00
3.910000000000000000e+02 3.950000000000000000e+02 1.000000000000000000e+00
4.080000000000000000e+02 3.680000000000000000e+02 1.000000000000000000e+00
4.210000000000000000e+02 3.320000000000000000e+02 1.000000000000000000e+00
4.380000000000000000e+02 2.980000000000000000e+02 1.000000000000000000e+00
4.480000000000000000e+02 2.730000000000000000e+02 1.000000000000000000e+00
4.620000000000000000e+02 2.350000000000000000e+02 1.000000000000000000e+00
1.090000000000000000e+02 2.010000000000000000e+02 1.000000000000000000e+00
1.260000000000000000e+02 1.920000000000000000e+02 1.000000000000000000e+00
1.480000000000000000e+02 1.910000000000000000e+02 1.000000000000000000e+00
1.690000000000000000e+02 1.880000000000000000e+02 1.000000000000000000e+00
1.870000000000000000e+02 1.910000000000000000e+02 1.000000000000000000e+00
3.090000000000000000e+02 1.790000000000000000e+02 1.000000000000000000e+00
3.350000000000000000e+02 1.790000000000000000e+02 1.000000000000000000e+00
3.580000000000000000e+02 1.800000000000000000e+02 1.000000000000000000e+00
3.760000000000000000e+02 1.870000000000000000e+02 1.000000000000000000e+00
3.940000000000000000e+02 1.940000000000000000e+02 1.000000000000000000e+00
2.520000000000000000e+02 2.240000000000000000e+02 1.000000000000000000e+00
2.530000000000000000e+02 2.490000000000000000e+02 1.000000000000000000e+00
2.540000000000000000e+02 2.730000000000000000e+02 1.000000000000000000e+00
2.550000000000000000e+02 2.920000000000000000e+02 1.000000000000000000e+00
2.420000000000000000e+02 3.010000000000000000e+02 1.000000000000000000e+00
2.390000000000000000e+02 3.170000000000000000e+02 1.000000000000000000e+00
2.550000000000000000e+02 3.300000000000000000e+02 1.000000000000000000e+00
2.750000000000000000e+02 3.180000000000000000e+02 1.000000000000000000e+00
2.710000000000000000e+02 3.020000000000000000e+02 1.000000000000000000e+00
1.320000000000000000e+02 2.720000000000000000e+02 1.000000000000000000e+00
1.550000000000000000e+02 2.370000000000000000e+02 1.000000000000000000e+00
1.790000000000000000e+02 2.700000000000000000e+02 1.000000000000000000e+00
1.740000000000000000e+02 3.000000000000000000e+02 1.000000000000000000e+00
1.560000000000000000e+02 3.250000000000000000e+02 1.000000000000000000e+00
1.370000000000000000e+02 3.060000000000000000e+02 1.000000000000000000e+00
3.330000000000000000e+02 2.600000000000000000e+02 1.000000000000000000e+00
3.600000000000000000e+02 2.430000000000000000e+02 1.000000000000000000e+00
3.770000000000000000e+02 2.740000000000000000e+02 1.000000000000000000e+00
3.740000000000000000e+02 3.070000000000000000e+02 1.000000000000000000e+00
3.530000000000000000e+02 3.210000000000000000e+02 1.000000000000000000e+00
3.330000000000000000e+02 2.940000000000000000e+02 1.000000000000000000e+00
1.910000000000000000e+02 3.750000000000000000e+02 1.000000000000000000e+00
2.070000000000000000e+02 3.650000000000000000e+02 1.000000000000000000e+00
2.390000000000000000e+02 3.560000000000000000e+02 1.000000000000000000e+00
2.580000000000000000e+02 3.550000000000000000e+02 1.000000000000000000e+00
2.740000000000000000e+02 3.550000000000000000e+02 1.000000000000000000e+00
3.010000000000000000e+02 3.640000000000000000e+02 1.000000000000000000e+00
3.200000000000000000e+02 3.700000000000000000e+02 1.000000000000000000e+00
3.010000000000000000e+02 3.890000000000000000e+02 1.000000000000000000e+00
2.830000000000000000e+02 3.980000000000000000e+02 1.000000000000000000e+00
2.550000000000000000e+02 4.060000000000000000e+02 1.000000000000000000e+00
2.280000000000000000e+02 4.010000000000000000e+02 1.000000000000000000e+00
2.100000000000000000e+02 3.930000000000000000e+02 1.000000000000000000e+00
2.080000000000000000e+02 3.770000000000000000e+02 1.000000000000000000e+00
2.350000000000000000e+02 3.720000000000000000e+02 1.000000000000000000e+00
2.580000000000000000e+02 3.700000000000000000e+02 1.000000000000000000e+00
2.780000000000000000e+02 3.710000000000000000e+02 1.000000000000000000e+00
3.000000000000000000e+02 3.760000000000000000e+02 1.000000000000000000e+00
2.810000000000000000e+02 3.890000000000000000e+02 1.000000000000000000e+00
2.580000000000000000e+02 3.950000000000000000e+02 1.000000000000000000e+00
2.300000000000000000e+02 3.910000000000000000e+02 1.000000000000000000e+00
