-0.8000 0.0133 -0.8557
-0.7621 0.1498 -0.8711
-0.7128 0.2445 -0.8871
-0.6597 0.3659 -0.8835
-0.5915 0.4948 -0.8138
-0.5118 0.6123 -0.6631
-0.3867 0.6919 -0.4768
-0.2009 0.7488 -0.2967
0.0265 0.7829 -0.2114
0.2199 0.7488 -0.3033
0.4360 0.6768 -0.4839
0.5308 0.5934 -0.6684
0.5953 0.4910 -0.8159
0.6445 0.3545 -0.8807
0.7090 0.2256 -0.8824
0.7469 0.1308 -0.8666
0.8000 -0.0133 -0.8501
-0.5384 -0.1422 -0.0738
-0.4739 -0.1763 0.0527
-0.3905 -0.1801 0.1346
-0.3109 -0.1915 0.1808
-0.2427 -0.1801 0.1918
0.2199 -0.2256 0.1986
0.3185 -0.2256 0.1886
0.4057 -0.2218 0.1452
0.4739 -0.1953 0.0664
0.5422 -0.1687 -0.0619
0.0038 -0.0550 0.1415
0.0076 0.0398 0.2018
0.0114 0.1308 0.2893
0.0152 0.2028 0.2894
-0.0341 0.2370 0.0735
-0.0455 0.2976 0.1024
0.0152 0.3469 0.1173
0.0910 0.3014 0.1016
0.0758 0.2408 0.0713
-0.4512 0.1270 -0.0058
-0.3640 -0.0057 0.0834
-0.2730 0.1194 0.0888
-0.2919 0.2332 0.0487
-0.3602 0.3280 0.0764
-0.4322 0.2559 0.0570
0.3109 0.0815 0.0574
0.4133 0.0171 0.0997
0.4777 0.1346 0.0966
0.4664 0.2597 0.0058
0.3867 0.3128 0.0661
0.3109 0.2104 0.0849
-0.2275 0.5175 -0.1399
-0.1668 0.5115 0.0106
-0.0455 0.4967 0.1013
0.0265 0.4997 0.1112
0.0872 0.4906 0.1024
0.1896 0.5043 0.0080
0.2616 0.4986 -0.1486
0.1896 0.5441 -0.0193
0.1213 0.5591 0.0498
0.0152 0.5809 0.0609
-0.0872 0.5683 0.0515
-0.1555 0.5561 -0.0166
-0.1630 0.5251 -0.1429
-0.0682 0.5422 0.0396
0.0265 0.5460 0.0642
0.1069 0.5365 0.0391
0.1858 0.5213 -0.1528
0.1096 0.5536 0.0391
0.0265 0.5697 0.0642
-0.0728 0.5602 0.0396
