31 29 30
29 31 38
0 58 57
58 0 1
0 36 1
36 0 17
2 59 1
59 2 3
39 36 38
36 39 41
1 59 58
2 1 36
37 19 20
19 37 18
59 3 4
3 2 41
37 17 18
17 37 36
59 4 5
4 3 41
38 21 27
21 38 37
5 60 59
60 5 6
5 4 40
28 38 27
38 28 29
6 61 60
61 6 7
6 5 40
22 42 27
42 22 23
61 7 8
7 6 48
12 46 45
46 12 11
8 7 55
35 30 29
30 35 31
61 10 62
10 61 9
8 9 61
9 8 53
62 10 11
10 9 52
62 12 13
12 62 11
11 10 52
41 2 36
13 63 62
63 13 14
13 12 45
63 14 15
14 13 45
37 20 21
15 14 44
63 15 16
16 15 26
65 18 57
18 65 19
16 64 63
64 16 26
17 0 57
17 57 18
42 23 43
27 42 28
29 42 35
42 29 28
65 20 19
20 65 21
65 57 56
43 23 24
23 67 24
67 23 22
34 47 46
47 34 35
21 22 27
22 21 66
67 22 66
25 43 24
43 25 26
15 44 26
64 26 67
25 24 67
67 26 25
39 48 40
48 39 32
46 11 52
52 9 53
54 50 53
50 54 49
48 6 40
50 33 51
33 50 49
33 31 35
31 33 32
4 41 40
41 39 40
32 49 48
49 32 33
31 32 39
55 49 54
49 55 48
34 51 33
51 34 52
33 35 34
44 47 42
47 44 45
31 39 38
36 37 38
44 14 45
35 42 47
26 44 43
42 43 44
47 45 46
34 46 52
7 48 55
8 55 54
53 50 51
52 53 51
53 8 54
21 65 66