29 35 34
35 29 28
47 42 45
42 47 52
1 0 37
2 1 36
57 8 7
8 57 9
3 2 36
3 48 4
48 3 36
18 37 17
37 18 19
5 4 48
40 51 50
51 40 62
6 5 67
42 40 39
40 42 52
7 6 58
37 0 17
38 29 30
29 38 21
10 9 65
35 28 22
11 10 65
29 21 28
12 11 55
20 38 19
38 20 21
13 12 54
14 13 45
38 30 31
15 14 45
1 37 36
16 15 45
28 21 27
30 32 31
32 30 33
22 28 27
33 30 29
29 34 33
21 20 24
21 24 23
23 25 35
25 23 24
21 22 27
22 21 23
16 44 26
44 16 45
22 23 35
24 16 26
25 24 26
25 26 44
19 38 37
42 33 43
33 42 39
67 5 59
55 53 64
53 55 63
40 37 38
37 40 41
33 39 32
38 39 40
39 38 31
37 41 36
13 54 46
31 32 39
43 33 34
44 35 25
35 44 43
43 34 35
45 43 44
43 45 42
57 7 58
52 47 63
50 58 67
58 50 51
60 61 59
61 60 49
36 41 48
41 40 61
13 46 45
45 46 47
46 54 64
47 46 53
56 52 65
52 56 62
48 41 60
5 48 59
61 40 50
60 41 49
49 41 61
58 51 66
56 9 57
9 56 65
40 52 62
47 53 63
55 11 65
63 55 52
53 46 64
12 55 54
54 55 64
52 55 65
56 66 62
66 56 57
66 51 62
57 58 66
58 6 67
50 59 61
59 50 67
59 48 60